Propiedad=1
Propietario=En venta
PosX=1943.427246
PosY=-1674.723754
PosZ=13.382809
PropValor=1
PropGastos=0
PropVenta=0
PropMundo=1
PropO=0
PosEX=2495.949951
PosEY=-1692.189941
PosEZ=1014.739990
Interior=3
