Propiedad=1
Propietario=En venta
PosX=1936.102539
PosY=-1675.670166
PosZ=13.546875
PropValor=1
PropGastos=0
PropVenta=0
PropMundo=2
PropO=0
PosEX=2495.949951
PosEY=-1692.189941
PosEZ=1014.739990
Interior=3
