Propiedad=1
Propietario=En venta
PosX=1928.197509
PosY=-1676.691284
PosZ=13.546875
PropValor=1
PropGastos=0
PropVenta=0
PropMundo=3
PropO=0
PosEX=2495.949951
PosEY=-1692.189941
PosEZ=1014.739990
Interior=3
