Propiedad=1
Propietario=En venta
PosX=1940.483032
PosY=-1722.257934
PosZ=13.382812
PropValor=1
PropGastos=0
PropVenta=0
PropMundo=4
PropO=1
PosEX=362.910003
PosEY=-75.059997
PosEZ=1001.500000
Interior=10
