Auto=558
SpawnX=-2012.460205
SpawnY=106.094100
SpawnZ=27.168695
SpawnX2=-2006.117187
SpawnY2=105.860633
SpawnZ2=27.170675
SpawnX3=-1998.979248
SpawnY3=105.597267
SpawnZ3=27.164947
SpawnX4=-1992.003173
SpawnY4=105.351272
SpawnZ4=27.170631
SpawnX5=-2012.958740
SpawnY5=110.940116
SpawnZ5=27.170049
SpawnX6=-2007.480834
SpawnY6=110.882957
SpawnZ6=27.168378
SpawnX7=-2002.491577
SpawnY7=110.832778
SpawnZ7=27.164218
SpawnX8=-1997.558715
SpawnY8=110.784484
SpawnZ8=27.166328
SpawnX9=-1991.590820
SpawnY9=110.728645
SpawnZ9=27.170040
SpawnX10=-1984.544067
SpawnY10=110.666023
SpawnZ10=27.312622
CPS=16
CP1X=-2060.711425
CP1Y=110.558280
CP1Z=29.330337
CP2X=-2098.341552
CP2Y=109.440109
CP2Z=34.885231
CP3X=-2129.565673
CP3Y=109.310722
CP3Z=34.801967
CP4X=-2150.226318
CP4Y=133.762237
CP4Z=34.802513
CP5X=-2146.928955
CP5Y=177.061279
CP5Z=34.801471
CP6X=-2168.282470
CP6Y=205.064407
CP6Z=34.801822
CP7X=-2194.685058
CP7Y=193.625869
CP7Z=34.949974
CP8X=-2218.581298
CP8Y=142.927001
CP8Z=34.948764
CP9X=-2227.894287
CP9Y=152.966857
CP9Z=34.950153
CP10X=-2241.739990
CP10Y=160.338928
CP10Z=34.950386
CP11X=-2275.696533
CP11Y=156.085052
CP11Z=34.794433
CP12X=-2282.092529
CP12Y=61.484935
CP12Z=34.794086
CP13X=-2285.132324
CP13Y=9.559044
CP13Z=34.950412
CP14X=-2273.228515
CP14Y=1.786136
CP14Z=34.950103
CP15X=-2261.664794
CP15Y=-43.431640
CP15Z=34.804233
CpFinX=-2220.279541
CpFinY=-71.642478
CpFinZ=34.801494
