Auto=587
SpawnX=2448.266601
SpawnY=-1729.852661
SpawnZ=13.260241
SpawnX2=2455.789306
SpawnY2=-1729.754272
SpawnZ2=13.188671
SpawnX3=2462.879638
SpawnY3=-1729.786254
SpawnZ3=13.121638
SpawnX4=2469.452880
SpawnY4=-1729.942626
SpawnZ4=13.109564
SpawnX5=2479.240478
SpawnY5=-1730.175415
SpawnZ5=13.110960
SpawnX6=2447.068603
SpawnY6=-1734.545532
SpawnZ6=13.269173
SpawnX7=2455.034179
SpawnY7=-1734.434204
SpawnZ7=13.196431
SpawnX8=2462.831054
SpawnY8=-1734.325195
SpawnZ8=13.124838
SpawnX9=2469.845703
SpawnY9=-1734.546264
SpawnZ9=13.109925
SpawnX10=2475.326660
SpawnY10=-1734.803222
SpawnZ10=13.108507
CPS=16
CP1X=2388.559326
CP1Y=-1732.457763
CP1Z=13.111626
CP2X=2301.607666
CP2Y=-1732.193603
CP2Z=13.110505
CP3X=2235.026123
CP3Y=-1731.704345
CP3Z=13.109029
CP4X=2189.372802
CP4Y=-1738.626342
CP4Z=13.101555
CP5X=2120.267089
CP5Y=-1751.981201
CP5Z=13.133237
CP6X=2040.931762
CP6Y=-1751.947753
CP6Z=13.108495
CP7X=2003.899169
CP7Y=-1742.951904
CP7Z=13.109136
CP8X=2001.737548
CP8Y=-1664.799194
CP8Z=13.108672
CP9X=1989.632446
CP9Y=-1622.973632
CP9Z=14.054792
CP10X=1957.463134
CP10Y=-1622.493896
CP10Z=15.584280
CP11X=1868.359497
CP11Y=-1612.765014
CP11Z=13.109405
CP12X=1823.626464
CP12Y=-1580.413085
CP12Z=13.079998
CP13X=1849.074951
CP13Y=-1439.593261
CP13Z=13.126766
CP14X=1901.538818
CP14Y=-1342.216308
CP14Z=13.115943
CP15X=2041.447387
CP15Y=-1342.141235
CP15Z=23.547218
CpFinX=2225.415771
CpFinY=-1341.845092
CpFinZ=23.983650
