Auto=522
SpawnX=2599.809814
SpawnY=1377.118164
SpawnZ=10.245796
SpawnX2=2604.659179
SpawnY2=1377.041748
SpawnZ2=10.243207
SpawnX3=2599.673828
SpawnY3=1374.399780
SpawnZ3=10.231898
SpawnX4=2602.997070
SpawnY4=1374.407226
SpawnZ4=10.240201
SpawnX5=2606.067138
SpawnY5=1374.414306
SpawnZ5=10.244816
SpawnX6=2598.937744
SpawnY6=1371.763793
SpawnZ6=10.233076
SpawnX7=2603.580566
SpawnY7=1371.715576
SpawnZ7=10.243724
SpawnX8=2598.724121
SpawnY8=1369.772827
SpawnZ8=10.244126
SpawnX9=2602.808837
SpawnY9=1369.905151
SpawnZ9=10.241991
SpawnX10=2605.839599
SpawnY10=1369.855346
SpawnZ10=10.244610
CPS=16
CP1X=2550.078857
CP1Y=1372.792724
CP1Z=10.400530
CP2X=2527.234619
CP2Y=1331.599853
CP2Z=10.249392
CP3X=2527.316406
CP3Y=1238.766113
CP3Z=10.175701
CP4X=2527.232666
CP4Y=1130.037109
CP4Z=10.244360
CP5X=2527.375000
CP5Y=1061.897583
CP5Z=10.393786
CP6X=2543.370605
CP6Y=999.992248
CP6Z=10.321459
CP7X=2547.429931
CP7Y=890.248535
CP7Z=12.844218
CP8X=2547.665771
CP8Y=822.497131
CP8Z=11.531875
CP9X=2517.550537
CP9Y=772.480895
CP9Z=10.248895
CP10X=2506.659179
CP10Y=716.909545
CP10Z=10.240693
CP11X=2567.618408
CP11Y=692.939392
CP11Z=10.244246
CP12X=2671.120605
CP12Y=692.855834
CP12Z=10.244563
CP13X=2710.122558
CP13Y=693.858886
CP13Z=10.405630
CP14X=2752.286865
CP14Y=771.085998
CP14Z=10.431136
CP15X=2751.774658
CP15Y=881.841674
CP15Z=10.434773
CpFinX=2866.734375
CpFinY=913.817871
CpFinZ=10.311319
