Auto=411
SpawnX=2080.744873
SpawnY=-2482.219970
SpawnZ=13.273953
SpawnX2=2079.890869
SpawnY2=-2486.489746
SpawnZ2=13.273954
SpawnX3=2076.211425
SpawnY3=-2489.869628
SpawnZ3=13.273955
SpawnX4=2077.168457
SpawnY4=-2496.913574
SpawnZ4=13.273956
SpawnX5=2076.691162
SpawnY5=-2501.432128
SpawnZ5=13.273963
SpawnX6=2073.261474
SpawnY6=-2505.606445
SpawnZ6=13.273924
SpawnX7=2073.238037
SpawnY7=-2509.808105
SpawnZ7=13.273942
SpawnX8=2082.245605
SpawnY8=-2511.279296
SpawnZ8=13.273947
SpawnX9=2084.737060
SpawnY9=-2507.432861
SpawnZ9=13.273955
SpawnX10=2088.491210
SpawnY10=-2503.298828
SpawnZ10=13.268259
CPS=16
CP1X=1974.485351
CP1Y=-2493.564453
CP1Z=13.266242
CP2X=1907.940429
CP2Y=-2493.412841
CP2Z=13.266225
CP3X=1837.617065
CP3Y=-2493.879394
CP3Z=13.281785
CP4X=1745.928710
CP4Y=-2493.873535
CP4Z=13.281788
CP5X=1654.135009
CP5Y=-2493.360107
CP5Z=13.281810
CP6X=1593.969238
CP6Y=-2493.877197
CP6Z=13.281813
CP7X=1517.744262
CP7Y=-2493.983154
CP7Z=13.281825
CP8X=1469.486206
CP8Y=-2494.051025
CP8Z=13.281819
CP9X=1421.021240
CP9Y=-2494.116943
CP9Z=13.281774
CP10X=1403.130126
CP10Y=-2494.140869
CP10Z=13.281766
CP11X=1538.317749
CP11Y=-2499.190673
CP11Z=13.281806
CP12X=1695.547119
CP12Y=-2500.264892
CP12Z=13.281802
CP13X=1818.324462
CP13Y=-2499.988281
CP13Z=13.281802
CP14X=1911.998046
CP14Y=-2501.140380
CP14Z=13.266743
CP15X=2002.445068
CP15Y=-2500.837402
CP15Z=13.266234
CpFinX=2122.516113
CpFinY=-2503.258300
CpFinZ=13.273954
