Auto=495
SpawnX=-1141.831298
SpawnY=-1464.775390
SpawnZ=125.691619
SpawnX2=-1135.768432
SpawnY2=-1464.138671
SpawnZ2=125.509872
SpawnX3=-1129.104736
SpawnY3=-1463.463867
SpawnZ3=125.287063
SpawnX4=-1121.026245
SpawnY4=-1462.684570
SpawnZ4=125.011238
SpawnX5=-1113.542358
SpawnY5=-1462.011230
SpawnZ5=124.716247
SpawnX6=-1141.359985
SpawnY6=-1467.662963
SpawnZ6=125.612838
SpawnX7=-1135.414794
SpawnY7=-1467.139526
SpawnZ7=125.410369
SpawnX8=-1127.170532
SpawnY8=-1466.440673
SpawnZ8=125.145339
SpawnX9=-1119.258666
SpawnY9=-1465.784179
SpawnZ9=124.842826
SpawnX10=-1112.087280
SpawnY10=-1465.211303
SpawnZ10=124.705680
CPS=16
CP1X=-1208.436035
CP1Y=-1470.922119
CP1Z=112.757041
CP2X=-1301.311157
CP2Y=-1474.135009
CP2Z=104.026161
CP3X=-1345.562377
CP3Y=-1472.647094
CP3Z=103.747642
CP4X=-1383.386108
CP4Y=-1468.845092
CP4Z=102.078849
CP5X=-1388.546875
CP5Y=-1428.798095
CP5Z=105.201972
CP6X=-1437.696655
CP6Y=-1367.180297
CP6Z=101.095970
CP7X=-1448.893798
CP7Y=-1277.938598
CP7Z=103.267539
CP8X=-1441.574096
CP8Y=-1219.410400
CP8Z=106.817504
CP9X=-1484.359008
CP9Y=-1128.820190
CP9Z=121.973342
CP10X=-1541.445800
CP10Y=-1031.670410
CP10Z=144.874893
CP11X=-1534.100097
CP11Y=-987.647766
CP11Z=163.424697
CP12X=-1482.151855
CP12Y=-1018.438354
CP12Z=171.530151
CP13X=-1359.040039
CP13Y=-1030.171752
CP13Z=173.670440
CP14X=-1377.908691
CP14Y=-969.365478
CP14Z=196.946716
CP15X=-1427.580932
CP15Y=-952.512084
CP15Z=201.393447
CpFinX=-1548.570678
CpFinY=-908.683410
CpFinZ=184.117828
