Auto=451
SpawnX=2037.188964
SpawnY=855.267944
SpawnZ=6.441452
SpawnX2=2050.025390
SpawnY2=854.911132
SpawnZ2=6.440253
SpawnX3=2040.223754
SpawnY3=849.663146
SpawnZ3=6.433671
SpawnX4=2055.927490
SpawnY4=849.488098
SpawnZ4=6.436063
SpawnX5=2067.258300
SpawnY5=849.389709
SpawnZ5=6.434020
SpawnX6=2076.886474
SpawnY6=849.262878
SpawnZ6=6.438997
SpawnX7=2059.191406
SpawnY7=854.780517
SpawnZ7=6.440816
SpawnX8=2069.320556
SpawnY8=854.884277
SpawnZ8=6.441452
SpawnX9=2080.846191
SpawnY9=855.211425
SpawnZ9=6.437181
SpawnX10=2090.739013
SpawnY10=855.495239
SpawnZ10=6.440174
CPS=16
CP1X=1908.018188
CP1Y=853.307678
CP1Z=7.406187
CP2X=1798.473632
CP2Y=852.504638
CP2Z=10.378835
CP3X=1724.120239
CP3Y=851.955078
CP3Z=8.632683
CP4X=1579.858398
CP4Y=850.751403
CP4Z=6.439834
CP5X=1486.744995
CP5Y=855.257934
CP5Z=6.518046
CP6X=1404.026977
CP6Y=874.370971
CP6Z=6.569719
CP7X=1334.630493
CP7Y=920.933532
CP7Z=10.306960
CP8X=1226.420898
CP8Y=926.367126
CP8Z=12.965261
CP9X=1150.094482
CP9Y=871.393249
CP9Z=10.378252
CP10X=1056.346923
CP10Y=802.867858
CP10Z=10.392396
CP11X=952.374755
CP11Y=751.444519
CP11Z=10.382659
CP12X=854.969543
CP12Y=712.869628
CP12Z=11.518056
CP13X=777.501647
CP13Y=687.462158
CP13Z=11.010502
CP14X=612.370910
CP14Y=688.433898
CP14Z=4.642949
CP15X=553.631774
CP15Y=712.775207
CP15Z=7.248249
CpFinX=421.719909
CpFinY=867.450866
CpFinZ=6.197748
